13
11
7
5
-0.3126873328348215
-0.22132907873847707
0.7164197744528473
0.6492361028452612
0.07413058342037748
-0.5536736677550504
-0.5735210588583749
-0.25496077950426466
0.35750148077543104
0.027912503169940428
-0.5993333106281589
0.6025484517752424
0.872169924829822
-0.280220584154834
0.5968564141190588
-0.9523149989318273
-0.7180262550833676
0.5747533337595245
-0.21934238724334976
-0.1316144172532671
0.8345564229344808
0.5751942858822199
-1.1812543695619293
0.6509078843938588
0.4680000109131612
0.7799962341730153
0.7290732344358326
-1.0162369214444944
-0.2041107676266694
0.527364250516895
0.017216768984059327
0.05558554276429667
0.8690908250729357
-0.6150479794740645
-0.31568644346980074
0.13790399690287392
1.1150945312890383
-0.04695046217724236
-0.6745001422970621
-0.5724425340494123
0.1687181687114051
0.13564192552250004
1.3501588296076537
0.701464244817046
0.5983050595807758
0.4651025735167138
0.4722537513332941
1.0862604982250283
-0.7471963645637569
0.4136500817182283
0.8341084365338636
-0.029928168896014573
-0.7319139782692361
0.18927366726508904
-0.3583932442286926
1.0746744946154214
-0.7011541829925704
-0.7339193714170904
-1.3335156525455159
-0.4564234185536239
-1.1096760765131177
0.027167377447146424
0.9588318634443465
-0.11755506832038795
1.078994664272872
0.4292479622503586
-0.8624235048131946
-0.4752277575061999
-0.04923047775742001
-0.2843241507414207
0.7492242633120906
0.7980542159136599
-1.023621487618433
0.7440036481617831
0.7073762452266161
-0.8018495023823742
-0.475086064980887
0.7076589010939807
0.5892126454608375
0.614012919416741
-0.5443388194965268
0.2740813726768662
-0.7755499148620135
-0.5595619995659903
-0.8543743161259578
-1.0031263496735032
-0.03423048675741408
-0.9632517332154912
-0.19270328652046648
0.8938423355557511
1.0183033520914695
0.7708971748715501
0.7439920961523143
0.7455238223127594
-0.7670189291170151
0.47764819979860385
0.13906108086334845
0.2825609236893345
0.1657785956523361
-0.40178605691601704
-0.5374465159515369
0.9241424252049257
-0.4890609205595522
0.3264423867293118
-0.3584001652682918
-0.4735226750660996
-0.1619246492613718
-0.08277787000589248
-0.5295704385692659
1.059502530430201
0.31528698402658606
-0.7815696627312163
0.6976022141854101
-1.072608002972192
0.9056183818348693
-0.08619842275974682
-0.3632702069441165
-0.3145687827788982
-0.6075749095482602
1.1034421209580922
-0.5895019178977962
0.6903903200654172
0.5136004527475
0.9749470829412064
0.6076921008974967
0.0812709587833671
-0.9954760984266702
-0.09762177116227155
0.6397892797398264
-0.893887497351338
0.746062199136839
-0.6258109280414226
0.2359223005704214
0.43772528658501003
0.9258149739371277
-0.8757377903258925
0.4546525694059884
-0.29503900233656605
0.06245626546133559
-0.016666523781830422
-0.6484523913304021
0.06622832867726908
-0.48186018509689954
-0.7799639791815386
-0.17032893241170166
0.031198355508616882
-1.097043836279736
0.6145093730968889
0.9931209252013369
0.1746236610624731
1.0384634536466495
-0.6008984750513079
-0.16185341028170436
0.02950873632476886
0.3965227434079557
0.7632988796312059
0.7688299708976722
-1.0919230828504638
-0.5372779151572327
-1.287699065995489
0.7046354291547009
0.3137775919678017
0.31007013455798227
1.0264309605128397
-0.38951473124669794
-0.3229061104385924
0.06381502137470513
-0.17334833485655982
0.6017222865297889
-0.6853482476545193
0.5982624552314355
0.37476009215037065
-0.8454304449292069
0.03406507501758799
-0.5297987107277806
0.5488596836406556
-0.7063973283889096
0.8199815696400397
-0.06098797561866395
-0.7575979667715815
0.1254695390889924
-0.4493811548946055
-0.5866396084745913
0.12186296989014583
0.45241961562283783
0.1874531206177269
-0.7859225211007314
-0.6368266454078092
-0.48796804266795474
0.715102230050364
0.8709873222632771
0.6276403517142062
0.3723891109759894
0.5154203240141717
0.7639212585701385
0.3976669717013266
-0.6281367619502631
-0.37378013514006075
-0.20240145377637814
-1.251298182560958
-0.6968243026727405
0.6495412861939904
-0.9989763604697814
0.19270007369893166
-0.47441359782276027
1.2767203730171035
-0.24868551001244932
0.04059739951738622
-1.070694099712163
0.3344020883379306
1.0261591305475175
-0.8559567774879941
-0.2990347568099743
0.1317840903279161
0.19317983204202877
0.42646857458763254
0.31499796055979834
-0.8946440883900955
-0.6470433370372398
0.7236070000521456
0.6771914849599121
0.018178595784147433
0.8078790921922221
1.3153988909018257
0.4413513223325651
-0.7261216425167744
-0.5696900336664086
0.8470678527356001
0.8592562731981669
1.1292370522418862
0.5689715322922797
0.2844869912105045
-1.0719590089137376
-0.5436969234734896
0.2377140834949108
0.29192703801269443
-0.22319188246263222
-0.7451141684995193
-0.7807698079188705
-0.9862496627516655
-0.9841512239404233
0.7139164481912761
0.5079691469701084
0.38122274641840215
-0.9346421664360891
-0.5225885102077187
-0.9122186008492588
-0.07750677900325928
1.0280759905861092
-0.6940204419139702
0.42710667573150884
0.006390237927020814
-0.08705504587194624
-0.5689934117145421
-0.10410672983684904
-0.5346504435185953
-0.0063873102441656116
-2.790944689874397E-4
-1.4000492451567623
0.4613021332327935
-0.38638987715018785
-0.16491259000049407
0.7423715310970247
1.4332119515501347
0.33049973688673967
0.04693975781965193
-0.26148350093478007
0.3357966127795653
-0.021583406932573934
-0.24931501273233125
-0.6761609760732863
-0.42126813446374534
-0.20771438456795657
0.16279238453510975
0.5850729841165565
-0.9032706720946928
0.24419845651589606
0.9773305465302087
